0 0.964583 0.694907 0.0708333 0.143519
1 0.848958 0.518519 0.105208 0.135185
0 0.546615 0.0462963 0.0588542 0.0666667
1 0.568229 0.186111 0.0979167 0.087037
1 0.545573 0.0462963 0.0546875 0.0666667
1 0.628125 0.380556 0.210417 0.144444
1 0.782552 0.682407 0.102604 0.109259
0 0.40651 0.197222 0.0932292 0.114815
1 0.964844 0.693981 0.0703125 0.139815
1 0.946354 0.204167 0.0989583 0.119444
0 0.944792 0.20463 0.103125 0.124074
0 0.56875 0.185185 0.0979167 0.087037
2 0.341146 0.799074 0.571875 0.401852
