0 0.190104 0.0472222 0.0729167 0.0833333
0 0.10651 0.472685 0.0973958 0.167593
0 0.419531 0.109259 0.0307292 0.0518519
0 0.31875 0.119907 0.0458333 0.0490741
0 0.772135 0.784722 0.0619792 0.0935185
0 0.407552 0.185648 0.0432292 0.0694444
0 0.476562 0.308333 0.06875 0.0962963
0 0.0221354 0.0421296 0.0442708 0.075
0 0.290625 0.330556 0.040625 0.0666667
2 0.499479 0.69213 0.696875 0.606481
0 0.416927 0.29213 0.0338542 0.0787037
0 0.91224 0.802315 0.0921875 0.0805556
0 0.176563 0.269444 0.071875 0.0796296
