1 0.0205729 0.0212963 0.0307292 0.0425926
1 0.0166667 0.133796 0.0333333 0.0935185
1 0.0703125 0.117593 0.04375 0.0944444
1 0.0507812 0.3125 0.0442708 0.0768519
1 0.0567708 0.230556 0.0666667 0.0759259
1 0.111458 0.12037 0.0270833 0.0833333
1 0.242188 0.0347222 0.025 0.0583333
1 0.0885417 0.0236111 0.0375 0.0472222
1 0.114323 0.278704 0.0265625 0.0796296
1 0.0192708 0.392593 0.034375 0.0925926
1 0.197917 0.412037 0.0479167 0.0814815
1 0.173438 0.303241 0.04375 0.0972222
1 0.157292 0.174074 0.0458333 0.0962963
2 0.26224 0.849074 0.524479 0.301852
